4783
4797
4810
4818
4825
4860
4868
4876
4888
4897
4909
4916
4923
4928
4938
4944
4952
4965
4971
4981
4987
4990
4998
5009
5019
5027
5038
5046
5055
5062
5067
5073
5080
5086
5090
5096
5104
5112
5119
5128
5135
5143
5150
5168
5184
5197
5201
5208
5217
5224
5231
5240
5248
5250
5258
5264
5272
5281
5288
5298
5309
5318
5326
6595
6621
6634
6639
6646
6651
6659
6668
6676
6682
6691
6704
6709
6716
6724
6730
6736
6745
6754
6761
6769
6777
6787
6796
6804
6811
6822
6831
6840
6847
6871
6881
6887
6899
6908
6915
6948
6956
6966
6973
6921
6928
6937
6944
6979
6987
6996
7005
7015
7034
7040
7841
7848
7862
7871
7882
7892
7900
7909
7914
7919
7931
7948
7962
7974
7978
7986
7995
8003
8013
8022
8029
8036
8048
8055
8068
8076
8081
8089
8095
8103
8112
8117
8125
8137
8144
8152
8160
8169
8177
8187
8197
8205
8213
8220
8227
8235
8243
8252
8267
8277
8287
8294
8306
8313
8321
8329
8338
8345
8350
8458
8476
8489
8494
8505
8514
8524
8534
8540
8548
8570
8583
8603
8612
8622
8630
8648
8652
8663
8668
8675
8681
8691
8705
8711
8721
8733
8746
8759
8770
8781
8785
