6829
6885
6887
6888
6889
6890
6891
6893
6894
6895
6897
6898
6899
6900
6904
6905
6906
6907
6908
6909
6910
6911
6912
6913
6914
6915
6916
6917
6918
6919
6920
6921
6922
6924
6925
6926
6927
6928
6929
6930
6934
6935
6936
6937
6938
6939
6940
6941
6942
6943
6944
6945
6946
6947
6948
6949
6950
6951
6952
6953
6954
6955
6956
6958
6959
6960
6961
6962
6963
6964
6965
6966
6967
6968
6969
6970
6971
6972
6973
6974
6975
6976
6977
6978
6979
6980
6981
6982
6983
6984
6985
6986
6987
6988
6989
6990
6992
6993
6994
6995
6996
6997
6998
7002
7003
7004
7005
7006
7007
7009
7010
7011
7012
7013
7014
7015
7016
7018
7019
7022
7023
7024
7025
7026
7028
7029
7030
7031
7032
7033
7034
7035
7036
7037
7038
7039
7040
7041
7042
7043
7044
7045