12262
12263
12264
12265
12275
12276
12277
12278
12279
12280
12281
12282
12283
12284
12285
12286
12287
12288
12289
12290
12292
12293
12294
12295
12296
12297
12298
12299
12300
12301
12302
12303
12305
12306
12308
12309
12310
12311
12312
12313
12314
12316
12318
12319
12320
12321
12322
12323
12324
12327
12328
12329
12330
12331
12332
12333
12334
12335
12336
12337
12339
12340
12341
12342
12343
12344
12348
12350
12351
12353
12354
12355
12356
12357
12358
12362
12363
12364
12365
12366
12367
12368
12369
12370
12374
12375
12376
12377
12379
12380
12381
12382
12383
12384
12385
12390
12391
12393
12394
12395
12396
12397
12398
12399
12400
12401
12403
12404
