6694
6695
6696
6697
6638
6642
6643
6649
6654
6655
6661
6662
6667
6668
6807
6808
6809
6810
6811
6812
6830
6831
6832
6833
6834
6835
6837
6838
6839
6840
6841
6842
6850
6851
6852
6853
6684
6685
6687
6688
6689
6690
6691
6692
6704
6705
6706
6707
6708
6674
6675
6676
6680
6681
6682
6683
6644
6645
6650
6651
6656
6657
6663
6664
6669
6671
6799
6800
6801
6802
6803
6804
6821
6822
6823
6824
6825
6826
6827
6828
6829
6843
6844
6845
6854
6855
6646
6647
6652
6653
6658
6659
6665
6666
6672
6673
6791
6792
6793
6795
6796
6797
6798
6813
6815
6816
6817
6818
6819
6847
6848
6849
6856
6857