4865
4866
4867
4868
4871
4873
4874
4875
4876
4877
4878
4879
4882
4884
4885
4887
4888
4889
4890
4892
4893
4894
4895
4896
4897
4898
4899
4900
4901
4904
4905
4906
4907
4908
4909
4914
4916
4917
4918
4919
4920
4921
4922
4923
4924
4925
4926
4927
4928
4929
4930
4931
4932
4933
4934
4935
4936
4937
4938
4939
4943
4944
4945
4946
4947
4948
4949
4950
4951
4952
4953
4954
4955
4956
4957
4958
4959
4965
4966
4967
4968
4969
4970
4971
4972
4973
4974
4975
4982
4983
4984
4985
4986
4987
4990
4991
4995
4996
4997
4998
4999
5000
5001
5002
5003
5004
5005
5006
5007
5008
5009
5013
5014
5015
5016
5017
5018
5019
5020
5021
5022
5023
5024
5025
5026
5027
5031
5032
5033
5038
5039
5040
5041
5042
5044
5045
5046
5047
5048
5049
5050
5051
5052
5053
5054
5055
5056
5057
5058
5059
5060
5062
5063
5064
5065
5066
5068
5069
5070
5071
5072
5073
5075
5076
5077
5078
5079
5080
5081
5082
5083
5084
5085
5086
5089
5090
5091
5092
5093
5094
5095
5096
5097
5098
5099
5100
5101
5102
5103
5104
5105
5106
5111
5112
5113
5114
5115
5116
5117
5118
5119
5120
5122
5128
5129
5130
5131
5132
5133
5134
5135
5136
5137
5138
5139
5140
5141
5142
5143
5144
5183
5184
5185
5197
5198
5199
5200
5201
5202
5203
5204
5206
5207
5208
5209
5210
5211
5212
5213
5217
5218
5219
5220
5221
5222
5223
5224
5225
5226
5227
5228
5229
5230
5231
5232
5237
5238
5239
5240
5241
5242
5243
5244
5245
5246
5247
5248
5251
5253
5254
5255
5256
5257
5258
5259
5260
5261
5262
5264
5266
5267
5268
5269
5270
5271
5272
5273
5274
5276
5277
5278
5279
5280
5281
5282
5283
5284
5285
5286
5287
5288
5289
5290
5291
5293
5294
5304
5305
5306
5307
5308
5309
5310
5311
5312
5313
5314
5315
5316
5317
5318
5319
5320
5321
5322
5323
5324
5325
5326
5327
5328
5329
5330
5331
5332
5333
5334
