4865
4866
4867
4868
4871
4873
4874
4875
4876
4877
4878
4879
4882
4884
4885
4887
4888
4889
4890
4892
4893
4894
4895
4896
4897
4898
4899
4900
4901
4904
4905
4906
4907
4908
4909
4914
4916
4917
4918
4919
4920
4921
4922
4923
4924
4925
4926
4927
4928
4929
4930
4931
4932
4933
4934
4935
4936
4937
4938
4939
4943
4944
4945
4946
4947
4948
4949
4950
4951
4952
4953
4954
4955
4956
4957
4958
4959
4965
4966
4967
4968
4969
4970
4971
4972
4973
4974
4975
4982
4983
4984
4985
4986
4987
4990
4991
4995
4996
4997
4998
4999
5000
5001
5002
5003
5004
5005
5006
5007
5008
5009
5013
5014
5015
5016
5017
5018
5019
5020
5021
5022
5023
5024
5025
5026
5027
5031
5032
5033
5038
5039
5040
5041
5042
5044
5045
5046
5047
5048
5049
5050
5051
5052
5053
5054
5055
5056
5057
5058
5059
5060
5062
5063
5064
5065
5066
5068
5069
5070
5071
5072
5073
5075
5076
5077
5078
5079
5080
5081
5082
5083
5084
5085
5086
5089
5090
5091
5092
5093
5094
5095
5096
5097
5098
5099
5100
5101
5102
5103
5104
5105
5106
5111
5112
5113
5114
5115
5116
5117
5118
5119
5120
5122
5128
5129
5130
5131
5132
5133
5134
5135
5136
5137
5138
5139
5140
5141
5142
5143
5144
5183
5184
5185
5197
5198
5199
5200
5201
5202
5203
5204
5206
5207
5208
5209
5210
5211
5212
5213
5217
5218
5219
5220
5221
5222
5223
5224
5225
5226
5227
5228
5229
5230
5231
5232
5237
5238
5239
5240
5241
5242
5243
5244
5245
5246
5247
5248
5251
5253
5254
5255
5256
5257
5258
5259
5260
5261
5262
5264
5266
5267
5268
5269
5270
5271
5272
5273
5274
5276
5277
5278
5279
5280
5281
5282
5283
5284
5285
5286
5287
5288
5289
5290
5291
5293
5294
5304
5305
5306
5307
5308
5309
5310
5311
5312
5313
5314
5315
5316
5317
5318
5319
5320
5321
5322
5323
5324
5325
5326
5327
5328
5329
5330
5331
5332
5333
5334
6638
6639
6640
6641
6642
6643
6644
6645
6646
6647
6648
6649
6650
6651
6652
6653
6654
6655
6656
6657
6658
6659
6661
6662
6663
6664
6665
6666
6667
6668
6669
6671
6672
6673
6674
6675
6676
6680
6681
6682
6683
6684
6685
6687
6688
6689
6690
6691
6692
6694
6695
6696
6697
6704
6705
6706
6707
6708
6709
6710
6711
6712
6713
6714
6715
6716
6717
6718
6719
6720
6721
6723
6724
6725
6726
6727
6728
6729
6730
6736
6737
6738
6739
6740
6741
6742
6743
6744
6745
6746
6747
6748
6749
6750
6751
6752
6753
6754
6755
6756
6757
6760
6761
6762
6763
6764
6765
6766
6767
6768
6769
6770
6771
6772
6773
6774
6775
6777
6778
6779
6780
6781
6782
6783
6784
6785
6786
6787
6788
6789
6791
6792
6793
6795
6796
6797
6798
6799
6800
6801
6802
6803
6804
6807
6808
6809
6810
6811
6812
6813
6815
6816
6817
6818
6819
6821
6822
6823
6824
6825
6826
6827
6828
6829
6830
6831
6832
6833
6834
6835
6836
6837
6838
6839
6840
6841
6842
6843
6844
6845
6847
6848
6849
6850
6851
6852
6853
6854
6855
6856
6857
6829
6885
6887
6888
6889
6890
6891
6893
6894
6895
6897
6898
6899
6900
6904
6905
6906
6907
6908
6909
6910
6911
6912
6913
6914
6915
6916
6917
6918
6919
6920
6921
6922
6924
6925
6926
6927
6928
6929
6930
6934
6935
6936
6937
6938
6939
6940
6941
6942
6943
6944
6945
6946
6947
6948
6949
6950
6951
6952
6953
6954
6955
6956
6958
6959
6960
6961
6962
6963
6964
6965
6966
6967
6968
6969
6970
6971
6972
6973
6974
6975
6976
6977
6978
6979
6980
6981
6982
6983
6984
6985
6986
6987
6988
6989
6990
6992
6993
6994
6995
6996
6997
6998
7002
7003
7004
7005
7006
7007
7009
7010
7011
7012
7013
7014
7015
7016
7018
7019
7022
7023
7024
7025
7026
7028
7029
7030
7031
7032
7033
7034
7035
7036
7037
7038
7039
7040
7041
7042
7043
7044
7045
7871
7872
7873
7874
7875
7876
7877
7882
7883
7884
7885
7886
7887
7891
7892
7893
7894
7895
7896
7899
7900
7901
7902
7903
7904
7905
7906
7907
7908
7909
7910
7911
7912
7913
7914
7915
7916
7917
7918
7919
7920
7921
7925
7926
7927
7928
7930
7931
7932
7933
7934
7935
7936
7937
7938
7978
7979
7980
7981
7982
7983
7984
7985
7986
7987
7988
7989
7994
7995
7996
7997
7999
8000
8001
8002
8003
8004
8005
8006
8007
8008
8009
8010
8011
8012
8013
8014
8015
8016
8018
8020
8021
8022
8023
8024
8025
8026
8027
8028
8029
8030
8031
8032
8033
8034
8035
8036
8037
8039
8040
8041
8042
8044
8045
8046
8047
8048
8050
8051
8052
8053
8055
8056
8057
8058
8059
8060
8061
8063
8064
8065
8067
8068
8069
8070
8071
8073
8074
8075
8076
8077
8078
8079
8080
8081
8082
8083
8084
8088
8089
8090
8091
8092
8093
8094
8095
8096
8097
8098
8099
8100
8101
8102
8103
8104
8105
8106
8107
8108
8109
8110
8111
8112
8113
8116
8117
8117
8118
8119
8120
8121
8122
8123
8123
8124
8125
8126
8127
8128
8129
8135
8136
8137
8138
8140
8141
8142
8143
8144
8145
8146
8147
8148
8149
8150
8152
8153
8154
8156
8157
8158
8159
8160
8165
8166
8167
8168
8169
8170
8171
8172
8173
8174
8175
8176
8177
8178
8179
8180
8181
8182
8183
8184
8185
8186
8187
8188
8189
8190
8191
8192
8193
8194
8195
8196
8197
8198
8199
8200
8201
8202
8203
8204
8205
8206
8207
8212
8213
8214
8215
8216
8217
8218
8219
8220
8221
8222
8223
8224
8225
8226
8227
8228
8229
8230
8231
8232
8233
8234
8235
8236
8237
8238
8239
8240
8241
8242
8243
8244
8245
8246
8252
8253
8254
8255
8256
8267
8268
8269
8270
8271
8272
8273
8274
8275
8276
8277
8278
8279
8280
8281
8282
8284
8285
8286
8287
8288
8289
8290
8291
8292
8293
8294
8295
8296
8297
8298
8304
8305
8306
8307
8308
8309
8310
8311
8312
8313
8318
8319
8320
8321
8322
8323
8324
8325
8326
8327
8328
8329
8330
8331
8332
8333
8334
8335
8336
8337
8338
8339
8340
8341
8342
8343
8344
8345
8346
8347
8348
8349
8350
8351
8352
8353
8354
8356