7978
7979
7980
7981
7982
7983
7984
7985
7986
7987
7988
7989
7994
7995
7996
7997
7999
8000
8001
8002
8003
8004
8005
8006
8007
8008
8009
8010
8011
8012
8013
8014
8015
8016
8018
8020
8021
8022
8023
8024
8025
8026
8027
8028
8029
8030
8031
8032
8033
8034
8035
8036
8037
8039
8040
8041
8042
8044
8045
8046
8047
8048
8050
8051
8052
8053
8055
8056
8057
8058
8059
8060
8061
8063
8064
8065
8067
8068
8069
8070
8071
8073
8074
8075
8076
8077
8078
8079
8080
8081
8082
8083
8084
8088
8089
8090
8091
8092
8093
8094
8095
8096
8097
8098
8099
8100
8101
8102
8103
8104
8105
8106
8107
8108
8109
8110
8111
8112
8113
8116
8117
8117
8118
8119
8120
8121
8122
8123
8123
8124
8125
8126
8127
8128
8129
8135
8136
8137
8138
8140
8141
8142
8143
8144
8145
8146
8147
8148
8149
8150
8152
8153
8154
8156
8157
8158
8159
8160
8165
8166
8167
8168
8169
8170
8171
8172
8173
8174
8175
8176
8177
8178
8179
8180
8181
8182
8183
8184
8185
8186
8187
8188
8189
8190
8191
8192
8193
8194
8195
8196
8197
8198
8199
8200
8201
8202
8203
8204
8205
8206
8207
8212
8213
8214
8215
8216
8217
8218
8219
8220
8221
8222
8223
8224
8225
8226
8227
8228
8229
8230
8231
8232
8233
8234
8235
8236
8237
8238
8239
8240
8241
8242
8243
8244
8245
8246
8252
8253
8254
8255
8256
8267
8268
8269
8270
8271
8272
8273
8274
8275
8276
8277
8278
8279
8280
8281
8282
8284
8285
8286
8287
8288
8289
8290
8291
8292
8293
8294
8295
8296
8297
8298
8304
8305
8306
8307
8308
8309
8310
8311
8312
8313
8318
8319
8320
8321
8322
8323
8324
8325
8326
8327
8328
8329
8330
8331
8332
8333
8334
8335
8336
8337
8338
8339
8340
8341
8342
8343
8344
8345
8346
8347
8348
8349
8350
8351
8352
8353
8354
8356
