4783
4797
4810
4818
4825
4860
4965
4971
4981
4987
4990
4998
5009
5067
5128
5135
5143
5150
5168
5184
5197
5201
5208
5217
5224
5231
5240
5248
5250
5258
5264
5272
5281
5288
5298
6595
6621
6634
6724
6871
6881
7841
7848
7862
7882
7948
7962
7974
7978
7986
7995
8003
8013
8022
8029
8036
8187
8197
8205
8213
8220
8227
8235
8243
8267
8277
8287
8294
8313
8321
8329
8338
8345
8350
8458
8476
8489
8494
8505
8514
8548
8570
8663
8668
8675
8781
8785
4783
4797
4810
4818
4825
4860
4965
4971
4981
4987
4990
4998
5009
5067
5128
5135
5143
5150
5168
5184
5197
5201
5208
5217
5224
5231
5240
5248
5250
5258
5264
5272
5281
5288
5298
4783
4797
4810
4818
4825
4860
4965
4971
4981
4987
4990
4998
5009
5067
5128
5135
5143
5150
5168
5184
5197
5201
5208
5217
5224
5231
5240
5248
5250
5258
5264
5272
5281
5288
5298
6595
6621
6634
6724
6871
6881
7841
7848
7862
7882
7948
7962
7974
7978
7986
7995
8003
8013
8022
8029
8036
8187
8197
8205
8213
8220
8227
8235
8243
8267
8277
8287
8294
8313
8321
8329
8338
8345
8350
8458
8476
8489
8494
8505
8514
8548
8570
8663
8668
8675
8781
8785
